Jumlah Kamar,Jumlah Kamar Mandi,Luas Bangunan(m2),Luas Tanah (m2),Jumlah Lantai,Jumlah Garasi,Harga(juta)
4,4,234,162,2,1,2600
3,3,145,93,2,1,1990
2,1,30,60,1,0,338
4,3,249,216,2,1,3300
4,3,133,98,2,1,1100
2,1,50,78,1,1,385
3,2,72,102,1,1,550
2,1,36,72,1,1,340
2,2,72,162,1,2,600
2,1,47,78,1,1,435
3,2,54,81,1,1,475
4,4,160,105,2,2,2280
2,1,38,72,1,1,448
2,1,45,90,1,1,425
2,1,39,72,1,1,321.16
2,1,45,78,1,1,435
2,1,70,105,1,1,450
2,1,84,62,1,1,450
2,1,47,78,1,1,475
2,1,36,84,1,1,389
2,1,54,75,1,1,385
2,1,40,72,1,1,325
2,1,48,78,1,1,475
3,2,90,112.5,1,2,485
2,1,54,90,1,0,395
2,2,70,112,1,1,425
2,2,88,120,1,1,440
3,1,72,90,1,1,430
3,2,81,96,2,1,350
3,1,72,90,1,1,430
2,1,54,72,1,1,350
